15037430000
13515218705
13515218770
13515218878
13515222882
13515252250
13515428727
13515433078
13515433373
13515436183
13515436483
13515437345
13515439084
13515447546
13515447910
13515448857
13515451559
13515451739
13515453908
13515456483
13515459909
13515462590
13515464466
13515465799
13515466339
13515469889
13515470643
13515471053
13515476109
13515478176
13515478609
13515479070
13515480328
13515482902
13515483018
13515483351
13515483421
13515483443
13515488117
13515489368
13515493486
13515493738
13515494056
13515494522
13515495997
13515496293
13515501991
13515502041
13515503406
13515504696
13515505907
13515511043
13515511426
13515513211
13515513886
13515514438
13515514651
13515514869
13515520069
13515521145
13515550654
13515554505
13515555638
13515555746
13515557714
13515563488
13515582542
13515583703
13515586455
13515588881
13515590321
13515594516
13515597301
13515599633
13515602677
13515610530
13515611972
13515613447
13515618629
13515620919
13515624194
13515625729
13515627373
13515634415
13515638613
13515640054
13515641124
13515646544
13515720086
13515721185
13515721288
13515721686
13515722355
13516401613
13517405077
13517409974
13518140583
13518179131
13518721117
13518909022
13518991916
13520359080
13520915095
13521842335
13521865642
13522148687
13522712789
13522924505
13522962229
13523435552
13524018711
13524200878
13524333313
13524363206
13524489354
13524585098
13524602316
13525437303
13525952231
13526488951
13526623662
13526682079
13526930509
13526966069
13528220748
13528712270
13529383182
13530003089
13530551281
13534353253
13534875777
13534890009
13535915812
13537564956
13537649120
13538042218
13538980585
13539216425
13540098288
13540137825
13540296571
13540432368
13541046778
13541112210
13541349752
13541366135
13541808721
13541989527
13542425279
13542454245
13543239124
13543365675
13543367011
13544364203
13545254419
13545913723
13546029941
13547195338
13547722704
13548315313
13548667231
13548765248
13549063008
13549109588
13549656400
13550026300
13550187425
13550399350
13550619016
13551119902
13551145813
13551375769
13551387245
13552079355
13553014168
13553022901
13553670454
13554271418
13555015125
13555448687
13556882768
13558640028
13558825106
13558890524
13559198303
13559209556
13559477789
13559490946
13560071676
13560250162
13560739329
13560760805
13563306307
13564000784
13564006787
13564007393
13564030515
13564367079
13564552246
13564603601
13564688787
13564716383
13564819975
13564858550
13565959720
13566302869
13566565648
13566609877
13566628955
13566765755
13567132027
13567162969
13567173292
13567211773
13567221144
13567221522
13567222600
13567228356
13567228897
13567245918
13567248570
13567256259
13567261416
13567262187
13567273188
13567276620
13567282089
13567283683
13567287995
13567288185
13567291633
13567293777
13567298577
13567299037
13567363099
13567451000
13567627620
13567755559
13567838681
13567920029
13567965856
13567985522
13567987667
13567990979
13567991224
13567998133
13567999699
13568180606
13568859668
13568872654
13568926857
13568933641
13568981297
13569714833
13570952882
13571995574
13573228709
13573348450
13573348540
13573760322
13574160816
13574190086
13574697344
13574888186
13574988032
13575497394
13575499250
13575637343
13575649700
13575737629
13577085084
13577189287
13578733455
13578986926
13580008286
13580068307
13580090877
13580241568
13580493993
13580553332
13581091016
13581426912
13581765664
13582223225
13582500436
13583286089
13583289315
13583548991
13584038251
13584038757
13584586280
13584626499
13584648082
13584658675
13584662969
13584664229
13584668088
13584726362
13585154602
13585191366
13585211408
13585211528
13585221069
13585221212
13585225866
13585226113
13585226366
13585228106
13585305100
13585501878
13585742068
13585779378
13585807085
13585869856
13585881303
13585938294
13585959550
13586965731
13587209955
13587210882
13587216534
13587219526
13587219715
13587220197
13587228886
13587229694
13587231927
13587233988
13587253877
13587258670
13587268156
13587273104
13587278802
13587279448
13587280088
13587280609
13587281006
13587281513
13587282658
13587283212
13587285053
13587285434
13587291977
13587356007
13587515035
13587796372
13587902285
13587903140
13587920143
13587927831
13587929225
13587930720
13587938876
13587981633
13588050265
13588166761
13588174813
13588257069
13588372275
13588400906
13588542560
13588880566
13588957990
13589067180
13589263033
13589289115
13591568655
13592088856
13592989620
13594038370
13595682000
13596554868
13598487863
13599008291
13599360009
13599926718
13600000000
13600522027
13600555196
13600570957
13600655353
13600910059
13600935831
13601006586
13601435155
13601435166
13601477545
13601477747
13601490817
13601491413
13601492306
13601498843
13601499783
13601724206
13601728236
13601842675
13601847090
13601870270
13601911148
13602457776
13602555659
13602987047
13603124951
13603790904
13604019733
13604084440
13605113408
13605137497
13605273593
13605545188
13605714239
13605849068
13605910208
13605984502
13606000013
13606052580
13606065277
13606078118
13606097701
13606117708
13606259400
13606273596
13606282245
13606291689
13606296512
13606298098
13606390249
13606621632
13606648018
13607312809
13607521257
13608015599
13608018388
13608028021
13608185378
13608264930
13608665888
13608887817
13609089444
13609330367
13609510292
13609681263
13609734686
13610722087
13611111111
13611160257
13611680737
13611689051
13611859927
13611900688
13612236208
13612341234
13613383760
13614251023
13614301944
13614472566
13615200088
13615209901
13615213967
13615215330
13615217353
13615230939
13615231564
13615235443
13615239696
13615282451
13615423402
13615423598
13615426162
13615427831
13615430040
13615433720
13615434354
13615434445
13615434853
13615435402
13615435541
13615436556
13615436977
13615438879
13615441874
13615442012
13615442049
13615445653
13615446195
13615446506
13615448534
13615448731
13615448991
13615450674
13615450914
13615452338
13615452460
13615452768
13615457067
13615458644
13615461788
13615462108
13615463497
13615463718
13615464531
13615464577
13615467458
13615468886
13615472561
13615474718
13615474892
13615476317
13615476385
13615478021
13615479765
13615480667
13615481283
13615481568
13615481799
13615482038
13615483828
13615484329
13615486544
13615493171
13615497175
13615499118
13615502648
13615505534
13615507365
13615508293
13615508364
13615508419
13615508609
13615509915
13615512754
13615512830
13615513100
13615513242
13615514261
13615515520
13615516450
13615516824
13615517073
13615518419
13615520640
13615551025
13615555544
13615557738
13615561713
13615582915
13615585918
13615586177
13615591832
13615601453
13615612087
13615612850
13615618560
13615619535
13615621548
13615638519
13615642685
13615644759
13615648934
13615651028
13615660108
13615665905
13615721533
13615725589
13615729187
13616167789
13616188388
13616238717
13616291222
13616579292
13616721520
13616854020
13616874401
13618257899
13620781309
13620788770
13620926636
13621060648
13621299146
13621581978
13621655147
13621776236
13621776416
13622222222
13622305863
13623799395
13625015883
13625191711
13625221313
13625224394
13625226402
13625238807
13625634829
13625764834
13625789715
13625828358
13626270334
13626276075
13626277903
13626290000
13626716289
13626724888
13627603717
13628068088
13628604343
13631508459
13631533767
13632195851
13632222222
13632432129
13632826499
13632872084
13633046590
13633333333
13633813588
13634113286
13634135378
13634183727
13634188878
13634212291
13634303577
13635543500
13635557572
13636303774
13636457757
13636513238
13636536518
13636632312
13636684582
13637330608
13637497382
13637798339
13638908826
13641187139
13641212747
13641770527
13641821331
13641898213
13641914350
13641989323
13641989768
13641989927
13642771228
13644444444
13644515088
13645222222
13645375063
13645572364
13645720758
13646222222
13646241605
13646262656
13646263882
13646268622
13646276909
13646279009
13646282977
13646283619
13646288522
13646289190
13646555555
13646700000
13646713333
13646714233
13646714255
13646714258
13646714280
13646714281
13646714282
13646714286
13646714287
13646714288
13646714289
13646714299
13646714589
13646715286
13646722222
13646733333
13646777777
13646788888
13646828896
13646843695
13646845621
13646888888
13648064083
13648915298
13649717285
13650330274
13650834591
13651103820
13651300224
13651555793
13651589978
13651612320
13651635088
13651645685
13651683228
13651744377
13651756850
13651916069
13651966769
13652185367
13653053062
13654263386
13654614636
13654627533
13655016895
13655179119
13655184051
13655463699
13655522222
13655555333
13655555555
13655555888
13655777735
13655787388
13655823414
13655860209
13656012880
13656017710
13656079215
13656122870
13656269901
13656269918
13656683080
13656789778
13657624117
13657937990
13658038570
13658258885
13658879451
13658888888
13659066996
13659863148
13660848083
13660870340
13661036767
13661218348
13661336942
13661548685
13661560849
13661624645
13661650830
13661777497
13661777691
13661814165
13661869635
13661901399
13661932683
13661995077
13662682548
13664635983
13665178899
13665223971
13665710778
13665718274
13665721098
13665721262
13665722211